2 7024 8879
1 574
2 699 2328
1 6373
1 3545
2 5037 3884
2 4131 6066
2 8727 814
2 2355 1755
2 7787 1890
1 7706
1 9213
1 5439
1 7329
1 9035
1 1523
2 4217 357
1 1546
1 640
1 336
3 2036 6626 2101
1 4479
3 4525 629 2379
1 6796
2 4609 4928
1 3503
1 6579
2 4513 5479
1 8100
1 3243
1 7766
4 5649 26 3955 2087
2 320 1586
2 2533 6813
3 9299 3716 2915
2 1860 4726
2 9953 166
1 370
3 1384 4132 1175
1 4733
2 3102 6448
1 7481
2 2922 4735
1 6896
1 2636
2 7035 5284
2 38 8918
1 8053
1 1158
1 9107
2 147 1148
1 9274
3 9421 1950 786
2 9190 8985
2 7795 1201
1 5821
2 9934 6528
2 6995 5345
1 7692
3 8655 6330 7613
2 1448 9338
2 4551 4207
4 7533 8069 6843 1706
1 3701
2 5230 7367
1 3311
1 6826
2 6664 4244
2 692 4126
1 1345
2 4412 8771
1 7499
2 5063 6554
1 7505
3 5199 3088 4971
2 202 7823
1 1247
2 5895 5255
3 2563 400 9114
1 3856
2 7615 9592
