(2, 28, 496)
(2, 35, 493)
(2, 93, 491)
(2, 97, 489)
(2, 190, 488)
(2, 196, 487)
(2, 197, 485)
(2, 252, 483)
(2, 286, 481)
(2, 333, 480)
(2, 369, 479)
(2, 420, 478)
(2, 423, 477)
(2, 441, 476)
(2, 12, 471)
(2, 33, 470)
(2, 47, 469)
(2, 165, 466)
(2, 300, 465)
(2, 326, 464)
(2, 482, 458)
(2, 1, 457)
(2, 14, 456)
(2, 21, 440)
(2, 256, 436)
(2, 279, 435)
(2, 299, 428)
(2, 306, 426)
(2, 315, 418)
(2, 322, 417)
(2, 330, 416)
(2, 421, 415)
(2, 454, 413)
(2, 7, 408)
(2, 17, 406)
(2, 86, 404)
(2, 154, 402)
(2, 189, 398)
(2, 212, 393)
(2, 334, 389)
(2, 352, 386)
(2, 358, 383)
(2, 414, 382)
(2, 492, 381)
(2, 11, 380)
(2, 64, 374)
(2, 72, 370)
(2, 73, 368)
(2, 120, 366)
(2, 141, 357)
(2, 156, 355)
(2, 158, 354)
(2, 170, 349)
(2, 182, 346)
(2, 213, 344)
(2, 266, 343)
(2, 301, 342)
(2, 319, 340)
(2, 337, 338)
(2, 410, 335)
(2, 443, 331)
(2, 462, 327)
(2, 484, 323)
(2, 495, 321)
(3, 0, 318, 317)
(3, 38, 316, 314)
(3, 48, 313, 312)
(3, 52, 309, 308)
(3, 108, 305, 303)
(3, 111, 297, 296)
(3, 113, 293, 291)
(3, 155, 290, 287)
(3, 166, 281, 275)
(3, 210, 272, 270)
(3, 221, 265, 262)
(3, 234, 260, 257)
(3, 261, 255, 253)
(3, 264, 250, 248)
(3, 298, 246, 243)
(3, 310, 241, 239)
(3, 329, 238, 232)
(3, 350, 229, 228)
(3, 371, 227, 224)
(3, 376, 223, 222)
(3, 434, 220, 216)
(3, 448, 215, 211)
(3, 451, 209, 206)
(3, 452, 205, 202)
(3, 463, 194, 191)
(3, 475, 184, 183)
(3, 486, 179, 178)
(3, 5, 176, 173)
(3, 15, 171, 169)
(3, 19, 168, 167)
(3, 20, 161, 157)
(3, 34, 150, 146)
(3, 60, 145, 143)
(3, 61, 142, 140)
(3, 147, 137, 135)
(3, 175, 134, 133)
(3, 181, 131, 130)
(3, 187, 127, 126)
(3, 193, 125, 122)
(3, 199, 118, 110)
(3, 208, 103, 102)
(3, 219, 98, 96)
(3, 231, 94, 88)
(3, 236, 87, 85)
(3, 240, 84, 83)
(3, 249, 82, 77)
(3, 258, 75, 74)
(3, 271, 68, 67)
(3, 273, 63, 62)
(3, 277, 58, 57)
(3, 288, 53, 51)
(3, 292, 49, 43)
(3, 311, 42, 39)
(3, 320, 37, 30)
(3, 324, 9, 4)
(3, 356, 2, 494)
(3, 360, 490, 468)
(3, 367, 461, 460)
(3, 385, 453, 450)
(3, 387, 446, 432)
(4, 396, 425, 411, 401)
(4, 405, 395, 390, 379)
(4, 409, 378, 377, 373)
(4, 419, 372, 365, 363)
(4, 430, 361, 359, 347)
(4, 433, 341, 339, 332)
(4, 439, 325, 307, 304)
(4, 445, 295, 289, 285)
(4, 455, 284, 282, 280)
(4, 473, 274, 269, 267)
(4, 498, 259, 254, 251)
(4, 499, 247, 245, 244)
(4, 3, 237, 233, 226)
(4, 6, 217, 207, 204)
(4, 8, 200, 198, 195)
(4, 10, 186, 185, 174)
(4, 13, 172, 164, 160)
(4, 18, 153, 152, 151)
(4, 23, 148, 144, 138)
(4, 24, 136, 132, 129)
(4, 31, 128, 124, 119)
(4, 55, 116, 115, 114)
(4, 65, 112, 109, 107)
(4, 71, 106, 104, 101)
(4, 89, 100, 95, 92)
(4, 90, 81, 80, 79)
(4, 91, 78, 76, 70)
(4, 99, 69, 66, 59)
(4, 105, 56, 54, 50)
(4, 117, 46, 45, 44)
(4, 121, 41, 40, 36)
(4, 123, 32, 29, 27)
(4, 139, 26, 25, 22)
(4, 149, 16, 497, 474)
(4, 159, 472, 467, 459)
(4, 162, 449, 447, 444)
(4, 163, 442, 438, 437)
(4, 177, 431, 429, 427)
(4, 180, 424, 422, 412)
(4, 188, 407, 403, 400)
(4, 192, 399, 397, 394)
(4, 201, 392, 391, 388)
(4, 203, 384, 375, 364)
(4, 214, 362, 353, 351)
(4, 218, 348, 345, 336)
(4, 225, 328, 302, 294)
(4, 230, 283, 278, 276)
(4, 235, 268, 263, 242)
8335
